building the candidate table once...
153,905 liquid in-window bars, 58 days

108 cells (of 0..108), each a full 59-day book on Rs1,000,000

    dev  rsi  rvol  stop  trail     n     net Rs       %     PF      t      Jul      Aug      Sep   ex-top5
   0.8%   70   2.0  1.2%  False   173    -64,407  -6.44%   0.83  -0.95  -25,678  -26,474  -12,256  -157,210
   0.8%   70   2.0  1.2%   True   173   -282,551 -28.26%   0.11 -10.54 -128,355  -83,470  -70,727  -294,695
   0.8%   70   2.0  1.6%  False   173    -28,688  -2.87%   0.90  -0.51   -4,676   -7,903  -16,109  -101,471
   0.8%   70   2.0  1.6%   True   173   -201,996 -20.20%   0.24  -7.24  -81,367  -66,117  -54,511  -217,649
   0.8%   70   4.0  1.2%  False   169    -62,903  -6.29%   0.82  -0.96  -23,517  -29,106  -10,280  -152,701
   0.8%   70   4.0  1.2%   True   169   -269,151 -26.92%   0.13  -9.85 -115,824  -81,407  -71,920  -282,281
   0.8%   70   4.0  1.6%  False   169    -27,330  -2.73%   0.90  -0.51   -2,676  -11,913  -12,740   -98,316
   0.8%   70   4.0  1.6%   True   169   -189,046 -18.90%   0.26  -6.82  -74,628  -57,342  -57,076  -204,224
   0.8%   70   6.0  1.2%  False   155    -56,230  -5.62%   0.84  -0.84   17,056  -64,724   -8,562  -156,507
   0.8%   70   6.0  1.2%   True   155   -255,465 -25.55%   0.13  -9.69 -105,951  -89,873  -59,642  -268,974
   0.8%   70   6.0  1.6%  False   155    -25,859  -2.59%   0.90  -0.48   24,294  -42,466   -7,687  -102,823
   0.8%   70   6.0  1.6%   True   155   -180,514 -18.05%   0.25  -6.75  -71,053  -69,149  -40,312  -195,528
   0.8%   75   2.0  1.2%  False   159    -55,663  -5.57%   0.84  -0.87  -16,822  -36,607   -2,234  -143,197
   0.8%   75   2.0  1.2%   True   159   -252,853 -25.29%   0.14  -9.28 -102,973  -85,644  -64,236  -265,893
   0.8%   75   2.0  1.6%  False   159    -10,946  -1.09%   0.96  -0.21     -585   -4,709   -5,652   -80,282
   0.8%   75   2.0  1.6%   True   159   -173,211 -17.32%   0.28  -6.23  -64,808  -58,655  -49,748  -188,806
   0.8%   75   4.0  1.2%  False   153    -51,878  -5.19%   0.84  -0.79    3,626  -51,153   -4,351  -147,923
   0.8%   75   4.0  1.2%   True   153   -255,928 -25.59%   0.11  -9.94  -94,376  -92,533  -69,018  -268,600
   0.8%   75   4.0  1.6%  False   153    -10,802  -1.08%   0.96  -0.20   18,282  -20,175   -8,910   -85,506
   0.8%   75   4.0  1.6%   True   153   -172,185 -17.22%   0.26  -6.44  -55,439  -61,395  -55,351  -187,788
   0.8%   75   6.0  1.2%  False   138    -20,316  -2.03%   0.93  -0.31   29,202  -61,489   11,971  -118,801
   0.8%   75   6.0  1.2%   True   138   -226,131 -22.61%   0.12  -9.13  -83,743  -92,666  -49,722  -239,418
   0.8%   75   6.0  1.6%  False   138      2,404   0.24%   1.01  +0.05   33,736  -37,650    6,319   -73,016
   0.8%   75   6.0  1.6%   True   138   -153,616 -15.36%   0.28  -5.87  -50,554  -69,653  -33,409  -169,269
   0.8%   80   2.0  1.2%  False   127     35,682   3.57%   1.15  +0.58   30,854  -22,954   27,781   -55,551
   0.8%   80   2.0  1.2%   True   127   -157,169 -15.72%   0.24  -6.03  -49,502  -81,587  -26,080  -170,943
   0.8%   80   2.0  1.6%  False   127     45,592   4.56%   1.27  +0.96   31,110  -10,374   24,856   -23,311
   0.8%   80   2.0  1.6%   True   127    -99,222  -9.92%   0.39  -4.03  -20,659  -61,326  -17,236  -114,601
   0.8%   80   4.0  1.2%  False   121     63,827   6.38%   1.27  +0.97   44,707   -7,032   26,152   -35,726
   0.8%   80   4.0  1.2%   True   121   -162,086 -16.21%   0.22  -6.33  -59,779  -70,732  -31,574  -176,343
   0.8%   80   4.0  1.6%  False   121     50,975   5.10%   1.29  +1.02   39,693   -4,479   15,761   -23,644
   0.8%   80   4.0  1.6%   True   121   -103,665 -10.37%   0.36  -4.25  -30,654  -51,324  -21,687  -118,968
   0.8%   80   6.0  1.2%  False   104    106,361  10.64%   1.54  +1.62   66,331    4,713   35,318     3,288   <-- survives
   0.8%   80   6.0  1.2%   True   104   -138,183 -13.82%   0.20  -5.95  -59,654  -57,308  -21,221  -151,885
   0.8%   80   6.0  1.6%  False   104     69,181   6.92%   1.45  +1.38   52,211   -3,295   20,265    -7,038
   0.8%   80   6.0  1.6%   True   104    -98,030  -9.80%   0.32  -4.31  -33,458  -50,086  -14,486  -113,314
   1.2%   70   2.0  1.2%  False   154     74,232   7.42%   1.25  +1.04   48,221   24,543    1,468   -23,244
   1.2%   70   2.0  1.2%   True   154   -205,554 -20.56%   0.19  -7.62  -75,871  -71,941  -57,742  -218,224
   1.2%   70   2.0  1.6%  False   154     44,339   4.43%   1.18  +0.79   23,033   28,092   -6,786   -27,975
   1.2%   70   2.0  1.6%   True   154   -150,364 -15.04%   0.33  -5.32  -56,964  -49,947  -43,453  -166,459
   1.2%   70   4.0  1.2%  False   138     45,913   4.59%   1.16  +0.68   46,335   12,842  -13,264   -49,730
   1.2%   70   4.0  1.2%   True   138   -203,192 -20.32%   0.16  -7.97  -80,064  -67,445  -55,682  -215,917
   1.2%   70   4.0  1.6%  False   138     17,324   1.73%   1.07  +0.32   26,442   11,803  -20,921   -53,737
   1.2%   70   4.0  1.6%   True   138   -156,042 -15.60%   0.27  -5.91  -58,703  -49,692  -47,647  -171,746
   1.2%   70   6.0  1.2%  False   115     35,588   3.56%   1.15  +0.56   37,883   -5,873    3,578   -57,959
   1.2%   70   6.0  1.2%   True   115   -185,416 -18.54%   0.12  -8.08  -78,065  -68,996  -38,356  -195,977
   1.2%   70   6.0  1.6%  False   115     17,617   1.76%   1.09  +0.35   17,660    5,712   -5,756   -51,986
   1.2%   70   6.0  1.6%   True   115   -142,789 -14.28%   0.22  -6.05  -65,957  -45,346  -31,486  -157,965
   1.2%   75   2.0  1.2%  False   136     27,767   2.78%   1.10  +0.43   32,561    3,533   -8,327   -64,339
   1.2%   75   2.0  1.2%   True   136   -199,736 -19.97%   0.15  -7.99  -75,631  -68,570  -55,535  -211,899
   1.2%   75   2.0  1.6%  False   136     17,470   1.75%   1.08  +0.34   13,054   16,817  -12,401   -51,061
   1.2%   75   2.0  1.6%   True   136   -140,746 -14.07%   0.31  -5.29  -56,054  -40,903  -43,789  -156,356
   1.2%   75   4.0  1.2%  False   123     39,309   3.93%   1.16  +0.62   34,388    3,522    1,399   -53,059
   1.2%   75   4.0  1.2%   True   123   -186,771 -18.68%   0.15  -7.66  -76,501  -64,531  -45,739  -199,462
   1.2%   75   4.0  1.6%  False   123     17,548   1.75%   1.08  +0.35   17,731    7,924   -8,108   -51,016
   1.2%   75   4.0  1.6%   True   123   -139,091 -13.91%   0.28  -5.51  -56,535  -44,480  -38,076  -154,133
   1.2%   75   6.0  1.2%  False   105     46,385   4.64%   1.22  +0.77   37,370   -7,896   16,911   -44,414
   1.2%   75   6.0  1.2%   True   105   -166,501 -16.65%   0.12  -7.54  -68,542  -64,336  -33,623  -177,147
   1.2%   75   6.0  1.6%  False   105     29,216   2.92%   1.17  +0.61   17,645    6,240    5,331   -38,376
   1.2%   75   6.0  1.6%   True   105   -123,192 -12.32%   0.25  -5.35  -55,741  -40,591  -26,861  -137,940
   1.2%   80   2.0  1.2%  False    93     66,235   6.62%   1.37  +1.17   39,917   14,172   12,146   -17,331
   1.2%   80   2.0  1.2%   True    93   -127,128 -12.71%   0.20  -5.79  -39,569  -58,007  -29,552  -140,719
   1.2%   80   2.0  1.6%  False    93     48,881   4.89%   1.35  +1.12   26,283    8,591   14,006   -13,280
   1.2%   80   2.0  1.6%   True    93    -93,428  -9.34%   0.30  -4.37  -27,471  -46,960  -18,996  -107,747
   1.2%   80   4.0  1.2%  False    86    113,053  11.31%   1.73  +1.96   47,282   37,380   28,391    28,217   <-- survives
   1.2%   80   4.0  1.2%   True    86   -115,744 -11.57%   0.20  -5.56  -46,201  -42,076  -27,466  -128,969
   1.2%   80   4.0  1.6%  False    86     71,372   7.14%   1.57  +1.62   35,208   19,907   16,258     8,504   <-- survives
   1.2%   80   4.0  1.6%   True    86    -83,604  -8.36%   0.30  -4.17  -29,196  -32,704  -21,704   -98,062
   1.2%   80   6.0  1.2%  False    69     96,115   9.61%   1.78  +1.84   56,779   13,310   26,026    12,654   <-- survives
   1.2%   80   6.0  1.2%   True    69    -95,088  -9.51%   0.19  -5.02  -36,448  -39,262  -19,378  -107,338
   1.2%   80   6.0  1.6%  False    69     64,789   6.48%   1.66  +1.63   39,734    9,200   15,855     3,051   <-- survives
   1.2%   80   6.0  1.6%   True    69    -65,312  -6.53%   0.31  -3.56  -24,046  -26,877  -14,389   -79,534
   1.8%   70   2.0  1.2%  False    54     63,066   6.31%   1.60  +1.27   29,003   23,507   10,556   -19,938
   1.8%   70   2.0  1.2%   True    54    -87,520  -8.75%   0.09  -5.52  -35,108  -25,996  -26,416   -95,254
   1.8%   70   2.0  1.6%  False    54     35,643   3.56%   1.40  +0.93   17,967   13,090    4,587   -25,698
   1.8%   70   2.0  1.6%   True    54    -66,622  -6.66%   0.18  -4.23  -29,108  -14,480  -23,034   -78,303
   1.8%   70   4.0  1.2%  False    49     61,742   6.17%   1.64  +1.28   29,005   28,694    4,043   -21,177
   1.8%   70   4.0  1.2%   True    49    -79,954  -8.00%   0.10  -5.20  -35,103  -21,348  -23,503   -87,707
   1.8%   70   4.0  1.6%  False    49     35,868   3.59%   1.44  +0.97   17,981   18,001     -113   -25,473
   1.8%   70   4.0  1.6%   True    49    -59,804  -5.98%   0.20  -3.91  -29,092   -9,915  -20,797   -71,522
   1.8%   70   6.0  1.2%  False    46     44,211   4.42%   1.45  +0.95   31,441   10,052    2,719   -36,264
   1.8%   70   6.0  1.2%   True    46    -82,830  -8.28%   0.09  -5.42  -32,770  -25,460  -24,600   -90,566
   1.8%   70   6.0  1.6%  False    46     26,766   2.68%   1.33  +0.75   19,794    9,036   -2,064   -32,941
   1.8%   70   6.0  1.6%   True    46    -58,592  -5.86%   0.22  -3.76  -27,349   -8,559  -22,684   -70,351
   1.8%   75   2.0  1.2%  False    47     63,443   6.34%   1.71  +1.34   30,748   16,960   15,735   -19,341
   1.8%   75   2.0  1.2%   True    47    -72,476  -7.25%   0.12  -4.71  -22,716  -27,693  -22,068   -82,017
   1.8%   75   2.0  1.6%  False    47     39,145   3.91%   1.53  +1.08   21,293    8,310    9,542   -22,129
   1.8%   75   2.0  1.6%   True    47    -55,637  -5.56%   0.19  -3.90  -17,805  -19,140  -18,691   -66,105
   1.8%   75   4.0  1.2%  False    41     61,644   6.16%   1.76  +1.34   30,203   22,146    9,295   -21,055
   1.8%   75   4.0  1.2%   True    41    -65,319  -6.53%   0.13  -4.44  -23,238  -22,993  -19,088   -74,870
   1.8%   75   4.0  1.6%  False    41     39,013   3.90%   1.59  +1.11   20,910   13,210    4,893   -22,262
   1.8%   75   4.0  1.6%   True    41    -49,172  -4.92%   0.20  -3.59  -18,174  -14,601  -16,396   -59,666
   1.8%   75   6.0  1.2%  False    39     44,814   4.48%   1.53  +1.01   33,391    3,617    7,806   -35,473
   1.8%   75   6.0  1.2%   True    39    -71,150  -7.11%   0.09  -5.05  -23,915  -27,066  -20,168   -77,777
   1.8%   75   6.0  1.6%  False    39     30,304   3.03%   1.45  +0.89   23,277    4,206    2,820   -29,344
   1.8%   75   6.0  1.6%   True    39    -47,437  -4.74%   0.23  -3.34  -15,867  -13,219  -18,351   -58,498
   1.8%   80   2.0  1.2%  False    37     41,913   4.19%   1.60  +1.03   19,369   13,505    9,039   -34,196
   1.8%   80   2.0  1.2%   True    37    -53,669  -5.37%   0.12  -4.08  -18,706  -19,636  -15,328   -60,693
   1.8%   80   2.0  1.6%  False    37     32,178   3.22%   1.59  +1.03   13,249    5,873   13,055   -24,528
   1.8%   80   2.0  1.6%   True    37    -37,143  -3.71%   0.26  -2.82  -11,431  -13,162  -12,551   -48,254
   1.8%   80   4.0  1.2%  False    32     54,794   5.48%   1.96  +1.39   19,129   18,605   17,060   -21,487
   1.8%   80   4.0  1.2%   True    32    -45,979  -4.60%   0.13  -3.68  -18,940  -14,853  -12,186   -52,821
   1.8%   80   4.0  1.6%  False    32     35,465   3.55%   1.75  +1.17   13,093   10,716   11,656   -21,241
   1.8%   80   4.0  1.6%   True    32    -30,290  -3.03%   0.30  -2.41  -11,585   -8,511  -10,195   -41,428
   1.8%   80   6.0  1.2%  False    30     36,525   3.65%   1.60  +0.97   19,129      342   17,054   -32,452
   1.8%   80   6.0  1.2%   True    30    -49,801  -4.98%   0.12  -3.96  -18,940  -18,997  -11,864   -56,331
   1.8%   80   6.0  1.6%  False    30     26,738   2.67%   1.57  +0.93   13,093    1,855   11,791   -24,745
   1.8%   80   6.0  1.6%   True    30    -28,680  -2.87%   0.33  -2.26  -11,585   -7,130   -9,965   -39,828

========================================================================================================
  WHAT SURVIVED
========================================================================================================
  5 of 108 cells were positive in all three months
  AND still positive with their best 5 trades removed.

  strongest survivor: dev>=1.2% rsi>=80 rvol>=4.0 stop 1.2% trail=False
    Rs113,053 over 86 trades, t=+1.96, PF 1.73, ex-top-5 Rs28,217

  across ALL 108 cells: best t=+1.96, median t=-1.61, 0 cells above t=2
  43 of 108 cells made money at all (40%)

========================================================================================================
  HOW TO READ WHAT SURVIVED
========================================================================================================
  If the best cell here is around t=2, that is not a strategy that
  passes - it is the best of ~100 tries on one period, and the best
  of 100 random tries clears t=2 routinely. The number that would
  mean something is a cell that is unremarkable here and holds up on
  data this search has never seen.
